20
143
185 190 200 180 200 190 200 180 200 190 180 190 200 180 185 180 195 190 195 190
9 22 10 24 25 6 22 1 19 19 5 9 8 14 4 7 10 22 17 10 8 14 12 17 19 25 25 6 21 3 19 16 21 17 19 6 10 22 17 16 5 1 21 20 6 1 11 22 25 18 9 23 17 4 1 14 11 7 21 3 18 5 6 22 13 17 5 7 1 3 10 5 1 17 14 4 10 25 11 16 25 20 3 7 2 6 14 14 2 15 22 4 22 19 5 10 4 7 11 14 2 12 12 24 8 4 25 6 9 23 15 7 6 5 12 3 22 18 16 5 1 8 20 17 11 8 15 16 6 24 10 4 10 17 5 14 16 11 25 4 12 19 6
0 83 20 84 48 83 124 100 128 54 28 59 9 29 63 88 16 89 78 77 93 85 72 78 93 6 46 47 120 167 63 84 113 130 38 179 71 69 13 53 59 56 79 62 21 75 125 85 189 82 74 44 125 133 157 104 197 83 130 104 151 12 67 97 110 104 135 89 61 84 15 105 34 91 92 167 130 42 87 22 80 129 110 73 158 89 26 40 143 121 21 74 125 82 4 94 94 166 63 121 111 85 76 78 104 78 28 59 26 34 146 64 89 53 108 183 86 43 48 130 33 76 92 69 117 115 40 97 29 66 116 8 25 118 90 103 98 88 7 139 86 86 65 58 
83 0 91 139 78 138 44 167 59 125 76 130 89 100 60 79 87 87 149 60 66 94 35 146 104 77 102 69 71 88 67 30 95 198 69 247 139 46 80 136 59 38 77 32 92 119 57 11 149 153 130 127 58 128 180 172 265 104 79 37 219 83 70 14 83 55 202 111 144 152 71 176 105 162 150 95 50 111 157 93 36 70 178 49 226 69 97 123 75 43 92 66 93 14 80 45 14 146 32 192 179 14 82 79 172 54 88 120 90 116 214 135 25 102 176 108 154 42 131 113 113 36 90 15 185 118 111 95 100 30 47 91 96 38 158 35 15 43 90 71 157 16 60 79 
20 91 0 91 56 90 132 89 148 36 36 41 29 10 71 96 17 97 60 97 101 93 80 66 101 14 66 55 128 175 83 92 121 112 46 161 72 89 21 45 67 76 87 82 24 82 145 93 197 64 81 36 133 141 164 89 179 91 138 124 133 17 75 105 118 112 125 97 54 68 23 87 15 73 98 175 138 45 69 3 88 137 94 81 143 97 27 32 163 129 24 82 133 90 21 102 102 174 71 103 93 93 96 86 86 86 35 66 33 46 128 46 109 73 90 191 87 63 41 138 22 84 100 85 102 123 21 105 20 74 136 18 16 126 74 123 106 96 13 159 68 106 73 66 
84 139 91 0 63 1 110 28 197 91 67 68 91 90 80 60 74 52 49 148 73 45 104 26 35 78 120 72 70 132 135 109 46 59 73 108 19 140 71 135 81 127 62 133 67 20 196 128 108 99 10 126 84 53 74 33 126 35 64 175 80 75 70 144 57 85 63 28 145 32 73 86 84 76 11 88 158 46 40 88 103 73 39 90 87 70 64 122 213 100 67 73 49 125 81 95 132 85 108 72 41 125 149 60 34 85 56 25 58 118 75 72 160 127 38 104 15 114 132 49 112 103 49 133 46 33 104 45 72 110 185 92 75 126 24 174 151 96 90 209 71 155 80 61 
48 78 56 63 0 62 77 91 136 59 20 52 56 55 18 41 39 42 71 87 46 38 43 70 45 42 70 10 73 120 73 48 66 122 10 171 63 78 36 100 19 65 32 71 32 43 134 67 142 75 54 91 78 86 109 96 189 35 83 113 143 40 20 83 63 57 126 41 109 76 33 98 49 84 74 120 97 34 80 53 42 82 102 29 150 42 30 87 152 74 32 27 78 64 45 47 71 119 47 114 103 64 87 31 96 31 21 42 23 82 138 57 98 70 100 136 78 52 96 83 77 42 45 72 109 67 69 50 37 49 124 56 40 71 82 112 90 41 55 148 79 94 18 11 
83 138 90 1 62 0 109 29 196 90 66 67 90 89 79 59 73 51 48 147 72 44 103 25 34 77 119 71 69 131 134 108 45 60 72 109 18 139 70 134 80 126 61 132 66 19 195 127 108 98 9 125 83 53 74 34 127 34 63 174 81 74 69 143 56 84 64 27 144 31 72 85 83 75 12 88 157 45 39 87 102 72 40 89 88 69 63 121 212 99 66 72 48 124 80 94 131 85 107 71 42 124 148 59 35 84 55 24 57 117 76 71 159 126 39 104 16 113 131 49 111 102 48 132 47 33 103 44 71 109 184 91 74 125 24 173 150 95 89 208 70 154 79 60 
124 44 132 110 77 109 0 138 89 136 96 112 131 132 61 50 116 58 120 102 37 65 53 117 75 118 144 77 41 44 109 40 66 169 86 218 110 88 112 177 65 80 49 74 109 90 88 39 118 144 101 168 27 99 151 143 236 75 48 71 190 116 57 36 54 25 173 82 185 123 109 148 126 134 121 63 48 90 128 130 44 39 149 51 197 40 107 164 105 10 109 50 63 42 121 30 30 117 61 163 150 40 124 51 143 46 98 91 100 158 185 117 69 144 147 75 125 84 172 84 154 48 61 57 156 89 146 66 114 58 77 132 117 16 129 67 43 36 131 101 129 49 59 66 
100 167 89 28 91 29 138 0 225 88 95 65 109 88 108 88 85 80 46 176 101 73 132 23 63 94 146 100 98 160 163 137 74 31 101 80 29 168 91 133 109 155 90 161 79 48 224 156 113 96 38 124 112 57 77 5 98 63 92 203 52 88 98 172 85 113 36 56 143 29 100 83 82 73 17 93 186 59 37 86 131 101 11 118 59 98 74 120 241 128 79 101 77 153 101 123 160 90 136 68 27 153 176 88 23 113 84 50 82 129 47 69 188 153 18 109 14 142 130 57 110 131 77 161 18 51 102 73 72 138 213 102 76 154 21 202 179 124 97 237 68 183 108 89 
128 59 148 197 136 196 89 225 0 182 134 187 120 157 118 137 144 145 206 79 124 152 93 204 162 134 121 127 129 69 87 88 153 256 127 305 197 66 138 157 117 72 135 66 149 177 30 69 207 210 188 165 116 186 238 230 323 162 137 45 277 140 128 53 141 113 260 169 163 210 129 233 162 219 208 152 41 169 215 150 94 128 236 107 284 127 154 167 21 99 149 124 151 72 127 103 66 204 90 249 237 72 101 137 230 112 146 178 148 135 272 192 44 121 234 164 212 85 150 171 161 94 148 65 243 176 168 153 157 88 13 130 153 73 216 41 46 101 135 21 214 43 118 137 
54 125 36 91 59 90 136 88 182 0 50 24 63 26 75 99 38 100 43 131 105 95 90 65 102 48 100 59 132 179 117 97 124 78 56 127 72 123 45 45 71 110 90 116 33 83 179 114 198 28 81 36 137 143 164 86 145 92 142 158 99 42 79 130 121 116 124 98 71 59 54 52 21 38 98 178 145 46 51 33 93 141 78 85 131 101 29 32 197 133 33 86 136 112 55 106 118 175 94 68 63 111 130 90 66 90 38 67 36 82 94 19 143 107 71 194 87 97 76 139 23 90 103 119 87 123 15 108 25 96 170 54 29 130 67 157 137 100 49 193 33 140 77 70 
28 76 36 67 20 66 96 95 134 50 0 55 36 36 35 60 20 61 74 83 65 57 44 74 65 22 53 19 92 139 69 57 85 126 10 175 67 75 16 81 31 62 51 68 17 47 131 65 161 78 58 72 97 105 129 100 193 55 102 110 147 20 39 81 82 76 130 61 89 80 13 101 30 87 78 139 104 37 83 34 53 101 106 45 154 61 22 68 149 93 17 46 97 62 25 66 69 138 44 117 107 62 83 50 100 50 12 46 14 62 142 60 95 60 104 155 82 49 76 102 58 49 64 70 113 87 50 69 25 46 122 36 21 90 86 109 88 60 35 145 82 92 37 30 
59 130 41 68 52 67 112 65 187 24 55 0 68 31 70 75 43 76 19 136 81 71 95 42 78 53 105 62 108 155 122 100 100 71 61 120 49 128 50 69 71 115 66 121 38 59 184 119 175 32 58 60 113 120 141 62 138 68 118 163 92 47 60 135 97 92 100 74 79 36 59 46 26 32 75 155 149 22 28 38 94 117 54 81 107 77 33 56 202 109 38 64 112 116 60 86 123 152 99 62 52 116 135 66 45 76 43 43 41 87 87 5 148 112 49 171 64 102 81 116 46 94 79 124 63 100 38 84 30 101 175 59 34 117 44 162 142 87 54 198 27 145 70 51 
9 89 29 91 56 90 131 109 120 63 36 68 0 38 71 96 25 97 87 68 101 93 80 87 101 15 37 55 128 175 54 92 121 139 46 188 80 61 20 47 67 51 87 57 30 82 118 92 197 91 81 46 133 141 164 113 206 91 138 97 160 21 75 103 118 112 144 97 55 93 23 114 43 100 99 175 137 51 96 31 88 137 119 81 167 97 35 48 136 129 30 82 133 89 11 102 101 174 71 130 120 92 67 86 113 86 35 66 33 27 155 73 82 44 117 191 95 48 42 138 42 84 100 74 126 123 49 105 38 74 109 11 34 125 99 96 104 96 16 132 95 85 73 66 
29 100 10 90 55 89 132 88 157 26 36 31 38 0 71 96 16 97 50 106 101 93 80 65 100 23 75 55 128 175 92 92 121 102 46 151 71 98 20 45 67 85 87 91 23 81 154 93 197 54 80 36 133 141 163 86 169 90 138 133 123 17 75 106 118 112 124 96 56 59 29 77 6 63 97 175 138 44 59 8 88 137 84 81 133 97 26 32 172 129 23 82 133 90 30 102 102 174 71 93 83 93 105 86 76 86 34 65 32 56 118 36 118 82 80 191 86 72 50 138 22 84 100 94 92 122 14 105 18 74 145 28 15 126 67 132 113 96 23 168 58 115 73 66 
63 60 71 80 18 79 61 108 118 75 35 70 71 71 0 25 55 28 89 69 30 35 25 87 45 57 85 16 57 104 55 30 51 139 25 188 80 61 51 116 4 48 18 54 48 60 117 49 126 93 71 107 62 72 121 113 206 45 67 96 160 55 10 65 47 41 143 52 124 93 48 116 65 102 91 104 79 51 98 69 24 66 119 11 167 26 46 103 134 58 48 11 62 46 60 31 53 104 29 132 120 46 70 20 113 15 37 60 39 97 155 75 81 85 117 120 95 35 111 68 93 24 31 54 126 59 85 36 53 31 106 71 56 55 99 95 72 25 70 130 97 76 2 19 
88 79 96 60 41 59 50 88 137 99 60 75 96 96 25 0 80 8 70 88 13 15 44 67 25 82 110 41 34 80 77 49 26 119 50 168 60 80 76 141 29 67 9 73 73 40 136 68 102 107 51 132 38 50 101 93 186 25 44 115 140 80 21 84 23 25 123 32 149 73 73 99 90 86 71 81 98 53 78 94 43 43 99 30 147 10 71 128 153 40 73 14 38 65 85 35 72 79 48 113 100 65 92 10 93 25 62 41 64 122 135 80 100 110 97 97 75 55 136 43 118 43 11 73 106 39 110 16 78 50 125 96 81 66 79 114 91 36 95 149 81 95 23 30 
16 87 17 74 39 73 116 85 144 38 20 43 25 16 55 80 0 81 62 93 85 77 64 63 84 10 62 39 112 159 79 77 105 114 30 163 56 85 7 61 51 72 71 78 7 65 141 78 181 66 64 52 117 125 147 89 181 74 122 120 135 4 59 93 102 96 120 80 71 69 16 89 18 75 82 159 123 28 71 14 73 121 95 65 143 81 11 48 159 113 7 66 117 75 17 86 87 158 56 105 95 78 92 70 88 70 18 49 16 44 130 48 105 69 92 175 71 59 58 122 38 69 84 81 102 106 30 89 13 59 132 18 9 110 75 119 100 80 16 155 70 102 57 50 
89 87 97 52 42 51 58 80 145 100 61 76 97 97 28 8 81 0 62 96 21 7 52 59 17 83 111 42 32 80 83 57 24 111 51 160 52 88 77 142 30 75 10 81 74 32 144 76 100 108 43 133 38 44 93 85 178 17 42 123 132 81 22 92 21 33 115 24 150 65 74 96 91 86 63 79 106 54 70 95 51 41 91 38 139 18 72 129 161 48 74 21 36 73 86 43 80 77 56 105 92 73 98 11 85 33 63 33 65 123 127 81 108 111 89 95 67 62 137 41 119 51 3 81 98 31 111 8 79 58 133 97 82 74 71 122 99 44 96 157 81 103 28 31 
78 149 60 49 71 48 120 46 206 43 74 19 87 50 89 70 62 62 0 155 83 55 114 23 61 72 124 81 91 142 141 119 82 52 80 101 30 147 69 88 90 134 72 140 57 41 203 138 156 51 39 79 96 101 122 43 119 51 100 182 73 66 79 154 80 95 81 56 98 17 78 38 45 28 56 136 168 38 9 57 113 100 35 100 88 80 52 75 221 110 57 83 94 135 79 105 142 133 118 44 33 135 154 70 26 95 62 29 60 106 68 24 167 131 30 152 45 121 100 97 65 113 62 143 44 81 57 67 49 120 194 78 53 136 25 181 161 106 73 217 23 164 89 70 
77 60 97 148 87 147 102 176 79 131 83 136 68 106 69 88 93 96 155 0 76 103 51 155 113 83 42 77 100 146 14 63 104 207 77 256 148 14 87 89 68 22 86 28 98 128 50 63 172 159 139 113 105 137 189 181 274 113 110 34 228 89 79 74 93 84 211 120 84 161 78 182 111 168 159 147 108 119 164 99 59 109 187 58 235 78 103 116 68 101 98 75 108 60 76 73 72 156 42 198 188 63 22 88 181 63 95 129 97 56 223 141 36 42 185 163 163 35 71 122 110 55 99 45 194 127 117 104 106 45 66 79 102 96 167 38 75 67 84 64 163 56 69 88 
93 66 101 73 46 72 37 101 124 105 65 81 101 101 30 13 85 21 83 76 0 28 32 80 38 87 115 46 28 74 81 36 29 132 55 181 73 68 81 146 34 55 15 61 78 53 123 55 96 113 64 137 33 62 114 106 199 38 38 102 153 85 26 71 17 12 136 45 154 86 78 111 95 97 84 75 85 59 91 99 31 37 112 20 160 4 76 133 140 28 78 19 32 52 90 22 59 80 36 126 113 52 96 16 106 15 67 54 69 127 148 86 87 115 110 91 88 55 141 47 123 31 24 60 119 52 115 29 83 38 112 101 86 53 92 101 78 23 100 136 92 82 28 35 
85 94 93 45 38 44 65 73 152 95 57 71 93 93 35 15 77 7 55 103 28 0 59 52 11 79 107 38 37 87 90 64 29 104 47 153 45 95 73 138 36 82 17 88 70 25 151 83 105 103 36 129 42 49 87 78 171 10 47 130 125 77 25 99 26 40 108 18 146 58 70 91 87 81 56 84 113 49 63 91 58 46 84 45 132 25 67 125 168 55 70 28 41 80 82 50 87 82 63 98 85 80 104 15 78 40 59 28 61 119 120 76 115 107 82 100 60 69 133 46 115 58 8 88 91 30 107 13 75 65 140 93 78 81 64 129 106 51 92 164 76 110 35 27 
72 35 80 104 43 103 53 132 93 90 44 95 80 80 25 44 64 52 114 51 32 59 0 111 69 66 93 34 50 97 58 13 60 163 34 212 104 38 60 125 24 29 42 29 57 84 92 24 122 118 95 116 55 93 145 137 230 69 60 71 184 64 35 40 49 34 167 76 133 117 57 141 74 127 115 97 60 76 122 78 9 59 143 14 191 34 62 112 109 51 57 31 59 22 69 23 28 112 9 157 144 21 73 44 137 19 53 85 55 106 179 100 56 93 141 113 119 32 120 78 102 5 55 30 150 83 94 60 65 6 81 80 65 47 123 70 47 17 79 105 122 51 25 44 
78 146 66 26 70 25 117 23 204 65 74 42 87 65 87 67 63 59 23 155 80 52 111 0 42 72 124 79 77 139 141 116 59 52 80 101 7 147 69 110 88 134 69 140 57 27 203 135 133 73 16 101 91 78 99 26 119 42 77 182 73 66 77 151 64 92 59 35 120 6 78 60 59 50 33 113 165 37 14 63 110 80 32 97 80 77 52 97 220 107 57 80 71 132 79 102 139 110 115 46 33 132 154 67 26 92 62 28 60 107 68 46 167 131 30 129 22 121 107 74 87 110 56 140 39 58 79 52 50 117 192 80 54 133 12 181 158 103 75 216 45 162 87 68 
93 104 101 35 45 34 75 63 162 102 65 78 101 100 45 25 84 17 61 113 38 11 69 42 0 87 115 46 35 97 100 74 22 94 55 143 35 105 81 145 47 92 27 98 77 20 161 93 97 110 26 136 49 42 76 68 161 10 40 140 115 85 36 109 22 50 98 7 154 48 78 98 94 88 46 77 123 56 53 98 68 39 74 55 122 35 74 132 178 65 77 38 34 90 90 60 97 74 73 88 75 90 115 26 68 50 66 35 68 127 110 83 125 115 72 93 50 79 141 38 122 68 14 98 81 22 114 10 82 75 150 101 85 91 54 139 116 61 100 174 83 120 45 35 
6 77 14 78 42 77 118 94 134 48 22 53 15 23 57 82 10 83 72 83 87 79 66 72 87 0 52 41 114 161 69 78 107 124 32 173 65 75 7 59 53 62 73 68 15 69 131 79 183 76 68 50 119 127 151 98 191 77 124 110 145 6 61 91 104 98 129 83 67 78 9 99 28 85 86 161 124 36 81 16 74 123 104 67 152 83 20 46 149 115 15 68 119 76 7 88 88 160 57 115 105 79 82 72 98 72 22 53 20 40 140 58 95 59 102 177 80 49 54 124 36 70 86 71 111 109 34 91 23 60 122 14 19 112 84 109 92 82 13 145 80 92 59 52 
46 102 66 120 70 119 144 146 121 100 53 105 37 75 85 110 62 111 124 42 115 107 93 124 115 52 0 69 142 188 35 105 135 176 60 225 117 56 56 58 81 64 101 70 67 100 92 105 211 128 111 82 147 155 179 150 243 105 152 76 197 58 89 116 132 126 181 111 43 130 47 151 80 137 131 189 150 88 133 68 101 151 156 95 204 111 72 85 102 143 67 96 147 102 46 115 114 188 84 167 157 105 30 100 150 100 65 99 67 20 192 110 78 7 154 205 132 61 30 152 79 97 114 87 163 137 86 119 75 87 108 48 71 138 136 80 117 109 53 102 132 98 87 80 
47 69 55 72 10 71 77 100 127 59 19 62 55 55 16 41 39 42 81 77 46 38 34 79 46 41 69 0 73 120 63 39 66 131 9 180 72 69 35 100 12 56 32 62 32 52 125 58 142 85 63 91 78 86 114 105 198 37 83 104 152 39 20 74 63 57 135 45 108 85 32 108 49 94 83 120 88 43 90 53 34 82 111 26 159 42 30 87 143 74 32 27 78 55 44 47 62 119 38 124 112 55 78 31 105 31 21 52 23 81 147 67 89 69 109 136 87 43 95 83 77 33 45 63 118 68 69 50 37 40 115 55 40 71 91 103 81 41 54 139 89 85 18 11 
120 71 128 70 73 69 41 98 129 132 92 108 128 128 57 34 112 32 91 100 28 37 50 77 35 114 142 73 0 62 107 41 25 129 82 178 70 87 108 173 61 78 42 74 105 51 128 60 78 140 61 164 14 58 111 103 196 41 10 107 150 112 53 76 13 16 133 42 181 83 105 128 122 118 81 47 89 86 88 126 41 9 109 48 157 31 103 160 145 31 105 46 22 57 117 27 64 76 58 123 110 57 122 43 103 43 94 65 96 154 145 113 92 142 107 63 85 81 168 43 150 45 29 65 116 48 142 26 110 55 117 128 113 57 89 106 83 33 127 141 113 87 55 62 
167 88 175 132 120 131 44 160 69 179 139 155 175 175 104 80 159 80 142 146 74 87 97 139 97 161 188 120 62 0 153 84 87 191 129 240 132 132 155 220 108 124 89 118 152 112 99 83 140 187 123 211 48 120 173 165 258 97 69 114 212 159 100 74 75 63 195 104 228 145 152 176 169 166 143 85 38 133 150 173 88 60 171 94 219 78 150 207 90 46 152 93 84 86 164 74 74 138 105 185 172 84 168 90 165 89 141 113 143 201 207 160 113 188 169 96 147 128 215 105 197 92 83 101 178 110 189 88 157 102 82 175 160 50 151 110 73 80 174 90 161 92 102 109 
63 67 83 135 73 134 109 163 87 117 69 122 54 92 55 77 79 83 141 14 81 90 58 141 100 69 35 63 107 153 0 70 103 193 63 242 134 21 73 75 54 29 73 35 84 115 64 70 177 145 126 99 112 125 176 167 260 100 117 44 214 75 65 81 98 91 198 107 77 147 64 168 97 154 146 154 115 105 150 85 66 116 173 61 221 78 89 102 82 108 84 63 113 67 62 80 79 156 49 184 174 70 15 75 167 66 81 115 83 49 209 127 43 35 171 170 149 26 64 120 96 62 86 52 180 114 103 91 92 52 74 65 88 103 153 46 82 74 70 78 149 63 55 74 
84 30 92 109 48 108 40 137 88 97 57 100 92 92 30 49 77 57 119 63 36 64 13 116 74 78 105 39 41 84 70 0 65 168 47 217 109 50 72 137 30 41 47 37 70 89 87 19 119 123 100 128 43 98 150 142 235 74 49 66 189 76 40 35 53 25 172 81 145 122 69 146 87 132 120 86 49 81 127 90 6 48 148 19 196 39 69 124 104 38 70 36 63 16 81 15 23 116 21 162 149 16 85 49 142 24 59 90 61 118 184 105 51 105 146 102 124 44 132 83 114 8 60 24 155 88 106 65 75 18 76 92 78 34 128 65 42 13 91 100 127 46 30 49 
113 95 121 46 66 45 66 74 153 124 85 100 121 121 51 26 105 24 82 104 29 29 60 59 22 107 135 66 25 87 103 65 0 105 75 154 52 96 101 166 54 83 34 89 98 42 152 84 76 132 43 157 39 33 86 79 172 32 18 131 126 105 46 100 12 41 109 27 174 65 98 119 115 109 57 55 114 78 73 119 59 27 85 46 133 26 96 153 169 56 98 40 12 81 110 51 88 53 64 105 87 81 118 35 80 41 87 57 89 147 121 105 116 135 84 71 61 78 161 18 143 59 21 89 92 23 135 16 103 66 141 121 106 82 66 130 107 52 120 165 104 111 49 55 
130 198 112 59 122 60 169 31 256 78 126 71 139 102 139 119 114 111 52 207 132 104 163 52 94 124 176 131 129 191 193 168 105 0 132 49 59 199 121 123 140 186 121 192 109 79 255 187 131 80 68 109 143 75 95 26 67 94 123 234 21 118 129 203 116 144 54 87 149 46 130 67 97 57 48 111 217 89 43 109 162 132 20 149 60 129 104 105 272 159 109 132 108 184 131 154 191 108 167 52 19 184 206 119 26 144 114 80 112 158 16 67 219 183 22 127 45 173 152 88 101 162 108 192 16 82 93 104 101 169 244 130 105 185 40 233 210 155 125 268 52 214 139 120 
38 69 46 73 10 72 86 101 127 56 10 61 46 46 25 50 30 51 80 77 55 47 34 80 55 32 60 9 82 129 63 47 75 132 0 181 73 69 26 91 21 56 41 62 23 53 125 58 151 84 64 82 87 95 119 106 199 45 92 104 153 30 29 74 72 66 136 51 99 86 23 107 40 93 84 129 94 44 89 44 43 91 112 35 160 51 28 78 143 83 23 36 87 56 35 56 62 128 38 123 113 55 78 40 106 40 19 52 21 72 148 66 89 60 110 145 88 43 86 92 68 39 54 64 119 77 60 59 31 40 115 46 31 80 92 103 81 50 45 139 88 85 27 20 
179 247 161 108 171 109 218 80 305 127 175 120 188 151 188 168 163 160 101 256 181 153 212 101 143 173 225 180 178 240 242 217 154 49 181 0 108 248 170 172 189 235 170 241 158 128 304 236 110 102 117 149 192 123 74 75 18 143 172 283 28 167 178 252 165 193 47 136 198 95 179 88 146 90 97 159 266 138 92 158 211 181 69 198 39 178 153 146 321 208 158 181 157 233 180 203 240 106 216 73 68 233 255 168 75 193 163 129 161 207 33 116 268 232 71 149 94 222 201 137 150 211 157 241 62 131 142 153 150 218 293 179 154 234 89 282 259 204 174 317 95 263 188 169 
71 139 72 19 63 18 110 29 197 72 67 49 80 71 80 60 56 52 30 148 73 45 104 7 35 65 117 72 70 132 134 109 52 59 73 108 0 140 62 116 81 127 62 133 50 20 196 128 126 80 9 107 84 71 92 33 126 35 70 175 80 59 70 144 57 85 64 28 126 13 71 67 65 57 26 106 158 30 21 69 103 73 39 90 87 70 45 103 213 100 50 73 64 125 72 95 132 103 108 53 40 125 147 60 33 85 55 21 53 100 75 53 160 124 37 122 15 114 113 67 93 103 49 133 46 51 85 45 53 110 185 74 56 126 19 174 151 96 72 209 52 155 80 61 
69 46 89 140 78 139 88 168 66 123 75 128 61 98 61 80 85 88 147 14 68 95 38 147 105 75 56 69 87 132 21 50 96 199 69 248 140 0 79 91 59 13 78 14 90 120 57 49 159 151 131 106 92 129 181 173 266 105 97 36 220 81 70 60 85 71 203 112 98 153 70 174 103 160 151 134 94 111 156 91 46 96 179 50 227 70 95 108 75 87 90 67 95 46 68 60 58 148 32 190 180 49 36 80 173 55 87 120 89 70 215 133 22 56 177 150 155 26 85 114 102 42 91 31 186 119 109 96 98 32 53 71 94 82 159 35 61 54 76 71 155 42 60 79 
13 80 21 71 36 70 112 91 138 45 16 50 20 20 51 76 7 77 69 87 81 73 60 69 81 7 56 35 108 155 73 72 101 121 26 170 62 79 0 65 47 66 67 72 12 62 135 73 177 73 61 56 113 121 144 95 188 71 118 114 142 4 55 86 98 92 126 77 74 75 9 96 25 82 79 155 118 33 78 18 68 117 101 61 149 77 17 52 153 109 12 62 113 70 11 82 82 154 51 112 102 73 86 66 95 66 15 46 13 47 137 55 99 63 99 171 77 53 61 118 42 64 80 74 108 103 34 85 20 54 126 21 16 106 81 113 93 76 20 149 77 96 53 46 
53 136 45 135 100 134 177 133 157 45 81 69 47 45 116 141 61 142 88 89 146 138 125 110 145 59 58 100 173 220 75 137 166 123 91 172 116 91 65 0 112 98 132 104 68 126 139 138 242 73 125 24 178 186 208 131 190 135 183 119 144 62 120 150 163 157 169 141 26 104 68 97 51 83 142 220 183 89 96 48 133 182 123 126 176 142 71 27 157 174 68 127 178 135 57 147 147 219 116 113 107 138 88 131 111 131 79 110 77 38 139 64 113 65 116 236 131 95 31 183 23 129 145 121 132 167 31 150 63 119 144 45 60 171 112 118 151 141 46 153 78 132 118 111 
59 59 67 81 19 80 65 109 117 71 31 71 67 67 4 29 51 30 90 68 34 36 24 88 47 53 81 12 61 108 54 30 54 140 21 189 81 59 47 112 0 46 20 52 44 61 115 48 130 94 72 103 66 74 123 114 207 46 71 94 161 51 11 64 51 45 144 54 120 94 44 117 61 103 92 108 78 52 99 65 24 70 120 14 168 30 42 99 133 62 44 15 66 46 56 35 52 107 28 133 121 45 68 21 114 19 33 61 35 93 156 76 79 81 118 124 96 33 107 71 89 23 33 54 127 60 81 38 49 30 105 67 52 59 100 93 71 29 66 129 98 75 6 20 
56 38 76 127 65 126 80 155 72 110 62 115 51 85 48 67 72 75 134 22 55 82 29 134 92 62 64 56 78 124 29 41 83 186 56 235 127 13 66 98 46 0 65 6 77 107 69 41 150 138 118 93 83 116 168 160 253 92 88 48 207 68 57 52 72 62 190 99 106 140 57 161 90 147 138 125 86 98 143 78 37 87 166 37 214 57 82 95 87 79 77 54 87 38 55 51 50 135 20 177 167 41 44 67 160 42 74 107 76 78 202 120 33 64 164 141 142 13 93 101 89 33 78 23 173 106 96 83 85 23 60 58 81 74 146 47 53 45 63 83 142 34 47 66 
79 77 87 62 32 61 49 90 135 90 51 66 87 87 18 9 71 10 72 86 15 17 42 69 27 73 101 32 42 89 73 47 34 121 41 170 62 78 67 132 20 65 0 71 64 42 134 66 110 98 53 123 47 54 103 95 188 27 52 113 142 71 12 82 31 26 125 34 140 75 64 99 81 85 73 89 96 44 80 85 41 51 101 28 149 11 62 119 151 43 64 11 46 63 76 33 70 87 46 115 102 63 88 2 95 23 53 43 55 113 137 71 98 101 99 105 77 52 127 51 109 41 13 71 108 41 101 18 69 48 123 87 72 64 81 112 89 34 86 147 80 93 18 21 
62 32 82 133 71 132 74 161 66 116 68 121 57 91 54 73 78 81 140 28 61 88 29 140 98 68 70 62 74 118 35 37 89 192 62 241 133 14 72 104 52 6 71 0 83 113 63 35 145 144 124 99 79 122 174 166 259 98 84 42 213 74 63 46 78 58 196 105 112 146 63 167 96 153 144 121 80 104 149 84 33 83 172 43 220 63 88 101 81 73 83 60 88 32 61 47 44 141 25 183 173 35 50 73 166 48 80 113 82 84 208 126 27 70 170 137 148 19 99 107 95 30 84 17 179 112 102 89 91 23 54 64 87 68 152 41 47 41 69 77 148 28 53 72 
21 92 24 67 32 66 109 79 149 33 17 38 30 23 48 73 7 74 57 98 78 70 57 57 77 15 67 32 105 152 84 70 98 109 23 158 50 90 12 68 44 77 64 83 0 58 146 81 174 61 57 59 110 118 140 83 176 67 115 125 130 9 52 97 95 89 114 73 78 63 21 84 17 70 75 152 117 21 66 21 66 114 89 58 137 74 5 55 164 106 0 59 110 79 22 79 85 151 61 100 90 78 97 63 83 63 11 42 9 51 125 43 110 74 87 168 65 64 65 115 45 62 77 86 96 99 37 82 8 63 137 25 8 103 69 124 104 73 23 160 65 107 50 43 
75 119 82 20 43 19 90 48 177 83 47 59 82 81 60 40 65 32 41 128 53 25 84 27 20 69 100 52 51 112 115 89 42 79 53 128 20 120 62 126 61 107 42 113 58 0 176 108 117 91 11 117 64 62 83 53 146 15 60 155 100 66 50 124 39 65 83 15 136 33 60 79 75 69 31 97 138 37 38 79 83 59 59 70 107 50 55 113 193 80 58 53 54 105 72 75 112 94 88 73 60 105 129 40 53 65 47 16 49 109 95 64 140 107 57 113 35 94 123 58 103 83 29 113 66 42 95 26 63 90 165 83 66 106 39 154 131 76 81 189 64 135 60 41 
125 57 145 196 134 195 88 224 30 179 131 184 118 154 117 136 141 144 203 50 123 151 92 203 161 131 92 125 128 99 64 87 152 255 125 304 196 57 135 139 115 69 134 63 146 176 0 68 206 207 187 162 115 185 237 229 322 161 136 21 276 137 126 52 140 112 259 168 134 209 126 230 159 216 207 151 62 167 212 147 93 127 235 106 283 126 151 164 18 98 146 123 150 71 124 102 64 203 88 246 236 71 72 136 229 111 143 176 145 106 271 189 36 92 233 163 211 82 121 170 158 93 147 63 242 175 165 152 154 86 17 127 150 72 215 22 45 100 132 14 211 41 116 135 
85 11 93 128 67 127 39 156 69 114 65 119 92 93 49 68 78 76 138 63 55 83 24 135 93 79 105 58 60 83 70 19 84 187 58 236 128 49 73 138 48 41 66 35 81 108 68 0 138 142 119 129 47 117 169 161 254 93 68 47 208 77 59 16 72 44 191 100 146 141 70 165 95 151 139 87 45 100 146 91 25 59 167 38 215 58 86 125 85 38 81 55 82 3 82 34 9 135 22 181 168 3 85 68 161 43 77 109 79 119 203 124 32 105 165 103 143 45 133 102 115 25 79 18 174 107 107 84 89 19 57 93 86 33 147 46 23 32 92 81 146 27 49 68 
189 149 197 108 142 108 118 113 207 198 161 175 197 197 126 102 181 100 156 172 96 105 122 133 97 183 211 142 78 140 177 119 76 131 151 110 126 159 177 242 130 150 110 145 174 117 206 138 0 206 117 233 92 56 36 115 123 107 71 185 115 181 122 154 79 94 77 102 250 139 174 193 191 183 102 55 166 153 147 195 114 80 123 116 83 100 171 229 223 108 174 115 64 135 186 104 142 23 130 179 139 135 192 111 135 111 163 132 165 223 120 179 170 211 130 44 113 151 237 59 219 117 97 143 115 75 211 92 179 127 195 197 182 134 132 184 161 106 196 219 178 165 124 131 
82 153 64 99 75 98 144 96 210 28 78 32 91 54 93 107 66 108 51 159 113 103 118 73 110 76 128 85 140 187 145 123 132 80 84 102 80 151 73 73 94 138 98 144 61 91 207 142 206 0 89 49 145 151 172 94 117 100 150 186 96 70 88 158 129 124 132 106 99 67 82 24 49 23 106 186 172 54 59 61 117 149 86 104 139 109 56 46 225 141 61 95 144 139 83 116 146 183 122 40 70 139 158 98 74 100 66 75 64 110 91 27 171 135 79 202 95 125 104 147 51 117 111 147 95 131 43 116 53 124 198 82 57 141 75 185 165 111 77 221 28 168 93 79 
74 130 81 10 54 9 101 38 188 81 58 58 81 80 71 51 64 43 39 139 64 36 95 16 26 68 111 63 61 123 126 100 43 68 64 117 9 131 61 125 72 118 53 124 57 11 187 119 117 89 0 116 75 62 83 42 135 26 61 166 89 65 61 135 48 76 73 19 135 22 64 76 74 66 21 97 149 36 30 78 94 64 48 81 96 61 54 112 204 91 57 64 55 116 71 86 123 94 99 62 49 116 140 51 42 76 46 15 48 108 84 62 151 118 46 113 24 105 122 58 102 94 40 124 55 42 94 36 62 101 176 82 65 117 28 165 142 87 80 200 61 146 71 52 
44 127 36 126 91 125 168 124 165 36 72 60 46 36 107 132 52 133 79 113 137 129 116 101 136 50 82 91 164 211 99 128 157 109 82 149 107 106 56 24 103 93 123 99 59 117 162 129 233 49 116 0 169 177 199 122 166 126 174 141 125 53 111 141 154 148 160 132 50 95 59 73 42 59 133 211 174 80 87 39 124 173 114 117 167 133 62 4 180 165 59 118 169 126 48 138 138 210 107 89 98 129 112 122 102 122 70 101 68 62 120 55 126 89 107 227 122 87 55 174 14 120 136 113 123 158 22 141 54 110 153 37 51 162 103 140 142 132 37 176 57 126 109 102 
125 58 133 84 78 83 27 112 116 137 97 113 133 133 62 38 117 38 96 105 33 42 55 91 49 119 147 78 14 48 112 43 39 143 87 192 84 92 113 178 66 83 47 79 110 64 115 47 92 145 75 169 0 72 125 117 210 49 21 94 164 117 58 63 27 21 147 56 186 97 110 133 127 123 95 43 75 91 102 131 46 12 123 53 171 36 108 165 132 17 110 51 36 47 122 32 51 90 63 137 124 44 127 48 117 48 99 70 101 159 159 118 79 147 121 59 99 86 173 57 155 50 35 62 130 62 147 40 115 60 104 133 118 43 103 93 70 38 132 128 118 74 60 67 
133 128 141 53 86 53 99 57 186 143 105 120 141 141 72 50 125 44 101 137 62 49 93 78 42 127 155 86 58 120 125 98 33 75 95 123 71 129 121 186 74 116 54 122 118 62 185 117 56 151 62 177 72 0 53 60 141 52 51 164 95 125 66 133 45 74 77 47 194 84 118 138 135 128 47 36 147 98 92 139 92 60 68 79 102 59 116 173 202 89 118 63 36 114 130 84 121 33 97 124 84 114 140 55 80 74 107 77 109 167 90 124 149 155 75 52 58 104 181 15 163 92 41 122 61 20 155 36 123 99 174 141 126 115 77 163 140 85 140 198 123 144 70 75 
157 180 164 74 109 74 151 77 238 164 129 141 164 163 121 101 147 93 122 189 114 87 145 99 76 151 179 114 111 173 176 150 86 95 119 74 92 181 144 208 123 168 103 174 140 83 237 169 36 172 83 199 125 53 0 79 89 77 104 216 79 148 112 185 98 126 41 69 218 105 142 159 157 149 67 89 199 119 113 161 144 113 87 131 49 111 137 195 254 141 140 114 89 166 154 136 173 35 149 144 103 166 191 102 99 126 129 98 131 191 84 145 201 179 94 78 78 155 205 68 185 144 90 174 79 63 177 86 145 151 226 165 148 167 98 215 192 137 163 250 144 196 121 103 
104 172 89 33 96 34 143 5 230 86 100 62 113 86 113 93 89 85 43 181 106 78 137 26 68 98 150 105 103 165 167 142 79 26 106 75 33 173 95 131 114 160 95 166 83 53 229 161 115 94 42 122 117 60 79 0 93 68 97 208 47 92 103 177 90 118 38 61 141 27 104 80 80 71 22 95 191 63 35 86 136 106 8 123 54 103 78 118 246 133 83 106 82 158 105 128 165 93 141 65 24 158 180 93 20 118 88 54 86 133 42 67 193 157 15 111 19 147 130 62 108 136 82 166 13 56 100 78 76 143 218 106 80 159 19 207 184 129 101 242 66 188 113 94 
197 265 179 126 189 127 236 98 323 145 193 138 206 169 206 186 181 178 119 274 199 171 230 119 161 191 243 198 196 258 260 235 172 67 199 18 126 266 188 190 207 253 188 259 176 146 322 254 123 117 135 166 210 141 89 93 0 161 190 301 46 185 196 270 183 211 65 154 216 113 197 93 164 107 115 177 284 156 110 176 229 199 87 216 40 196 171 163 339 226 176 199 175 251 198 221 258 124 234 77 86 251 273 186 93 211 181 147 179 225 51 134 286 250 89 167 112 240 219 155 168 229 175 259 80 149 160 171 168 236 311 197 172 252 107 300 277 222 192 335 112 281 206 187 
83 104 91 35 35 34 75 63 162 92 55 68 91 90 45 25 74 17 51 113 38 10 69 42 10 77 105 37 41 97 100 74 32 94 45 143 35 105 71 135 46 92 27 98 67 15 161 93 107 100 26 126 49 52 77 68 161 0 50 140 115 75 35 109 30 50 98 8 144 48 68 88 84 78 46 87 123 46 53 88 68 49 74 55 122 35 64 122 178 65 67 38 44 90 80 60 97 84 73 88 75 90 114 25 68 50 56 25 58 117 110 73 125 105 72 103 50 79 131 48 112 68 14 98 81 32 104 17 72 75 150 91 75 91 54 139 116 61 90 174 73 120 45 26 
130 79 138 64 83 63 48 92 137 142 102 118 138 138 67 44 122 42 100 110 38 47 60 77 40 124 152 83 10 69 117 49 18 123 92 172 70 97 118 183 71 88 52 84 115 60 136 68 71 150 61 174 21 51 104 97 190 50 0 115 144 122 63 84 21 26 127 45 191 83 115 137 132 127 75 37 96 96 91 136 51 9 103 58 151 41 113 170 153 38 115 56 15 65 127 37 72 69 68 123 105 65 132 53 98 53 104 75 106 164 139 123 100 152 102 53 79 91 178 36 160 55 39 73 110 41 152 34 120 65 125 138 123 64 84 114 91 43 137 149 122 95 65 72 
104 37 124 175 113 174 71 203 45 158 110 163 97 133 96 115 120 123 182 34 102 130 71 182 140 110 76 104 107 114 44 66 131 234 104 283 175 36 114 119 94 48 113 42 125 155 21 47 185 186 166 141 94 164 216 208 301 140 115 0 255 116 105 41 119 91 238 147 118 188 105 209 138 195 186 131 77 146 191 126 72 106 214 85 262 105 130 143 39 78 125 102 129 50 103 81 44 182 67 225 215 50 56 115 208 90 122 155 124 90 250 168 15 76 212 143 190 61 105 149 137 72 126 42 221 154 144 131 133 65 32 106 129 65 194 4 42 79 111 35 190 23 95 114 
151 219 133 80 143 81 190 52 277 99 147 92 160 123 160 140 135 132 73 228 153 125 184 73 115 145 197 152 150 212 214 189 126 21 153 28 80 220 142 144 161 207 142 213 130 100 276 208 115 96 89 125 164 95 79 47 46 115 144 255 0 139 150 224 137 165 38 108 170 67 151 82 118 73 69 131 238 110 64 130 183 153 41 170 44 150 125 121 293 180 130 153 129 205 152 175 212 92 188 68 40 205 227 140 47 165 135 101 133 179 5 88 240 204 43 122 66 194 173 109 122 183 129 213 34 103 114 125 122 190 265 151 126 206 61 254 231 176 146 289 68 235 160 141 
12 83 17 75 40 74 116 88 140 42 20 47 21 17 55 80 4 81 66 89 85 77 64 66 85 6 58 39 112 159 75 76 105 118 30 167 59 81 4 62 51 68 71 74 9 66 137 77 181 70 65 53 117 125 148 92 185 75 122 116 139 0 59 89 102 96 123 81 71 72 12 93 22 79 83 159 122 30 75 14 72 121 98 65 146 81 14 49 155 113 9 66 117 74 13 86 86 158 55 109 99 77 88 70 92 70 19 50 17 44 134 52 101 65 96 175 74 55 58 122 39 68 84 77 105 107 31 89 17 58 128 18 13 110 78 115 96 80 17 151 74 98 57 50 
67 70 75 70 20 69 57 98 128 79 39 60 75 75 10 21 59 22 79 79 26 25 35 77 36 61 89 20 53 100 65 40 46 129 29 178 70 70 55 120 11 57 12 63 52 50 126 59 122 88 61 111 58 66 112 103 196 35 63 105 150 59 0 75 43 37 133 43 128 83 52 106 69 92 81 100 89 41 88 73 34 62 109 21 157 22 50 107 144 54 52 7 58 56 64 28 63 99 39 122 110 56 79 11 103 16 41 50 43 101 145 65 90 89 107 116 85 44 115 63 97 34 25 64 116 49 89 30 57 41 116 75 60 57 89 104 82 27 74 140 87 86 10 9 
97 14 105 144 83 143 36 172 53 130 81 135 103 106 65 84 93 92 154 74 71 99 40 151 109 91 116 74 76 74 81 35 100 203 74 252 144 60 86 150 64 52 82 46 97 124 52 16 154 158 135 141 63 133 185 177 270 109 84 41 224 89 75 0 88 60 207 116 158 157 82 181 111 167 155 99 36 116 162 103 41 75 183 54 231 74 102 137 69 46 97 71 98 19 94 50 13 151 37 197 184 19 96 84 177 59 93 125 95 130 219 140 39 116 181 111 159 56 145 118 127 41 95 29 190 123 120 100 105 35 41 105 102 24 163 37 7 48 104 65 162 18 65 84 
110 83 118 57 63 56 54 85 141 121 82 97 118 118 47 23 102 21 80 93 17 26 49 64 22 104 132 63 13 75 98 53 12 116 72 165 57 85 98 163 51 72 31 78 95 39 140 72 79 129 48 154 27 45 98 90 183 30 21 119 137 102 43 88 0 29 120 29 171 70 95 117 112 107 68 58 102 75 75 116 48 20 96 37 144 21 93 150 157 44 95 36 15 69 107 39 76 63 53 110 97 69 113 32 90 32 84 54 86 144 132 102 104 132 94 74 72 72 158 30 140 48 18 77 103 35 132 13 100 55 129 118 103 70 76 118 95 40 117 153 102 99 45 52 
104 55 112 85 57 84 25 113 113 116 76 92 112 112 41 25 96 33 95 84 12 40 34 92 50 98 126 57 16 63 91 25 41 144 66 193 85 71 92 157 45 62 26 58 89 65 112 44 94 124 76 148 21 74 126 118 211 50 26 91 165 96 37 60 29 0 148 57 165 98 89 123 106 109 96 63 73 70 103 110 25 25 124 32 172 15 87 144 129 17 89 30 38 41 101 11 48 92 42 138 125 41 106 27 118 27 78 66 80 138 160 97 76 126 122 79 100 65 152 59 134 29 36 49 131 64 126 41 94 39 101 112 97 41 104 90 67 17 111 125 104 71 39 46 
135 202 125 63 126 64 173 36 260 124 130 100 144 124 143 123 120 115 81 211 136 108 167 59 98 129 181 135 133 195 198 172 109 54 136 47 64 203 126 169 144 190 125 196 114 83 259 191 77 132 73 160 147 77 41 38 65 98 127 238 38 123 133 207 120 148 0 91 179 65 135 118 118 109 52 113 221 94 73 122 166 136 46 153 25 133 109 156 276 163 114 136 112 188 136 158 195 59 171 103 62 188 211 123 58 148 119 85 117 164 43 105 223 188 53 102 49 177 166 92 146 166 112 196 38 86 138 108 107 173 248 137 111 189 57 237 214 159 132 272 104 218 143 124 
89 111 97 28 41 27 82 56 169 98 61 74 97 96 52 32 80 24 56 120 45 18 76 35 7 83 111 45 42 104 107 81 27 87 51 136 28 112 77 141 54 99 34 105 73 15 168 100 102 106 19 132 56 47 69 61 154 8 45 147 108 81 43 116 29 57 91 0 150 41 74 94 90 84 39 82 130 52 49 94 75 45 67 62 115 42 70 128 185 72 73 45 39 97 86 67 104 79 80 81 68 97 122 33 61 57 62 31 64 123 103 79 132 111 65 98 43 86 137 43 118 75 21 105 74 27 110 17 78 82 157 97 81 98 47 146 123 68 96 181 79 127 52 34 
61 144 54 145 109 144 185 143 163 71 89 79 55 56 124 149 71 150 98 84 154 146 133 120 154 67 43 108 181 228 77 145 174 149 99 198 126 98 74 26 120 106 140 112 78 136 134 146 250 99 135 50 186 194 218 141 216 144 191 118 170 71 128 158 171 165 179 150 0 115 76 123 62 109 152 228 191 99 107 57 141 190 133 134 186 150 81 53 145 182 78 135 186 143 65 155 155 227 124 139 130 146 64 139 123 139 89 120 87 28 165 82 120 43 128 244 141 103 13 191 48 137 153 129 142 176 56 158 74 127 150 53 70 179 123 122 159 149 55 145 104 140 126 119 
84 152 68 32 76 31 123 29 210 59 80 36 93 59 93 73 69 65 17 161 86 58 117 6 48 78 130 85 83 145 147 122 65 46 86 95 13 153 75 104 94 140 75 146 63 33 209 141 139 67 22 95 97 84 105 27 113 48 83 188 67 72 83 157 70 98 65 41 115 0 84 54 53 44 39 119 171 43 8 65 116 86 27 103 76 83 58 91 226 113 63 86 77 138 85 108 145 116 121 40 27 138 160 73 20 98 68 34 66 113 62 40 173 137 25 135 28 127 107 80 81 116 62 146 35 64 73 58 56 123 198 86 60 139 8 187 164 109 81 222 39 168 93 74 
15 71 23 73 33 72 109 100 129 54 13 59 23 29 48 73 16 74 78 78 78 70 57 78 78 9 47 32 105 152 64 69 98 130 23 179 71 70 9 68 44 57 64 63 21 60 126 70 174 82 64 59 110 118 142 104 197 68 115 105 151 12 52 82 95 89 135 74 76 84 0 105 34 91 84 152 115 42 87 22 65 114 110 58 158 74 26 55 144 106 21 59 110 67 12 79 79 151 48 121 111 70 77 63 104 63 18 52 20 49 146 64 90 54 108 168 86 44 63 115 45 61 77 65 117 100 40 82 29 51 117 23 25 103 90 104 84 73 22 140 86 87 50 43 
105 176 87 86 98 85 148 83 233 52 101 46 114 77 116 99 89 96 38 182 111 91 141 60 98 99 151 108 128 176 168 146 119 67 107 88 67 174 96 97 117 161 99 167 84 79 230 165 193 24 76 73 133 138 159 80 93 88 137 209 82 93 106 181 117 123 118 94 123 54 105 0 72 14 93 173 195 65 46 84 140 137 72 127 125 108 79 70 248 138 84 110 131 162 106 132 169 170 145 16 56 162 181 97 60 122 89 63 87 133 77 41 194 158 65 189 82 148 127 134 75 140 99 170 81 118 67 104 76 147 221 105 80 163 62 208 188 133 100 244 19 191 116 97 
34 105 15 84 49 83 126 82 162 21 30 26 43 6 65 90 18 91 45 111 95 87 74 59 94 28 80 49 122 169 97 87 115 97 40 146 65 103 25 51 61 90 81 96 17 75 159 95 191 49 74 42 127 135 157 80 164 84 132 138 118 22 69 111 112 106 118 90 62 53 34 72 0 58 91 169 134 38 54 12 83 131 79 75 128 91 20 38 177 123 17 76 127 92 35 96 99 168 74 88 78 92 110 80 71 80 28 59 26 61 113 31 123 87 75 185 80 77 55 132 28 79 94 99 87 116 20 99 12 76 150 33 9 120 61 137 118 90 28 173 53 120 67 60 
91 162 73 76 84 75 134 73 219 38 87 32 100 63 102 86 75 86 28 168 97 81 127 50 88 85 137 94 118 166 154 132 109 57 93 90 57 160 82 83 103 147 85 153 70 69 216 151 183 23 66 59 123 128 149 71 107 78 127 195 73 79 92 167 107 109 109 84 109 44 91 14 58 0 83 163 181 51 36 70 126 127 63 113 116 94 65 56 234 124 70 96 121 148 92 118 155 160 131 30 47 148 167 83 51 108 75 53 73 119 68 27 180 144 56 179 72 134 113 124 61 126 89 156 72 108 53 94 62 133 207 91 66 149 52 194 174 119 86 230 5 177 102 83 
92 150 98 11 74 12 121 17 208 98 78 75 99 97 91 71 82 63 56 159 84 56 115 33 46 86 131 83 81 143 146 120 57 48 84 97 26 151 79 142 92 138 73 144 75 31 207 139 102 106 21 133 95 47 67 22 115 46 75 186 69 83 81 155 68 96 52 39 152 39 84 93 91 83 0 82 169 54 47 95 114 84 28 101 76 81 71 129 224 111 75 84 60 136 89 106 143 79 119 79 38 136 160 71 34 96 67 33 66 126 64 79 171 138 29 98 11 125 139 43 119 114 60 144 35 34 111 56 79 121 196 100 82 137 31 185 162 107 98 220 78 166 91 72 
167 95 175 88 120 88 63 93 152 178 139 155 175 175 104 81 159 79 136 147 75 84 97 113 77 161 189 120 47 85 154 86 55 111 129 159 106 134 155 220 108 125 89 121 152 97 151 87 55 186 97 211 43 36 89 95 177 87 37 131 131 159 100 99 58 63 113 82 228 119 152 173 169 163 82 0 111 133 127 173 88 39 103 95 138 78 150 207 168 53 152 93 43 90 164 74 87 54 105 159 119 87 169 90 115 90 141 112 143 201 126 159 117 189 110 16 93 128 215 39 197 92 76 105 97 55 189 71 157 102 140 175 160 79 112 129 106 80 174 164 158 110 102 109 
130 50 138 158 97 157 48 186 41 145 104 149 137 138 79 98 123 106 168 108 85 113 60 165 123 124 150 88 89 38 115 49 114 217 94 266 158 94 118 183 78 86 96 80 117 138 62 45 166 172 149 174 75 147 199 191 284 123 96 77 238 122 89 36 102 73 221 130 191 171 115 195 134 181 169 111 0 130 176 136 55 87 197 68 245 88 117 170 57 58 117 85 111 48 127 64 36 165 67 211 198 46 130 98 191 73 107 139 109 164 233 154 75 150 195 123 173 90 178 132 160 55 109 63 204 137 152 114 122 64 45 138 125 32 177 73 35 62 137 53 176 54 79 98 
42 111 45 46 34 45 90 59 169 46 37 22 51 44 51 53 28 54 38 119 59 49 76 37 56 36 88 43 86 133 105 81 78 89 44 138 30 111 33 89 52 98 44 104 21 37 167 100 153 54 36 80 91 98 119 63 156 46 96 146 110 30 41 116 75 70 94 52 99 43 42 65 38 51 54 133 130 0 47 42 75 95 69 62 117 55 18 76 185 87 21 46 90 97 43 68 104 130 80 81 70 97 118 44 63 57 25 21 23 72 105 27 131 95 67 149 45 85 86 94 66 75 57 105 76 78 58 62 26 82 157 46 29 98 49 145 123 68 44 181 46 127 51 32 
87 157 69 40 80 39 128 37 215 51 83 28 96 59 98 78 71 70 9 164 91 63 122 14 53 81 133 90 88 150 150 127 73 43 89 92 21 156 78 96 99 143 80 149 66 38 212 146 147 59 30 87 102 92 113 35 110 53 91 191 64 75 88 162 75 103 73 49 107 8 87 46 54 36 47 127 176 47 0 66 121 92 27 108 80 88 61 83 230 118 66 91 85 143 88 113 150 124 126 35 24 143 163 78 17 103 71 38 69 115 59 32 176 140 21 143 36 130 109 88 73 121 67 151 36 72 65 63 58 128 203 87 62 144 16 190 169 114 82 226 31 173 98 79 
22 93 3 88 53 87 130 86 150 33 34 38 31 8 69 94 14 95 57 99 99 91 78 63 98 16 68 53 126 173 85 90 119 109 44 158 69 91 18 48 65 78 85 84 21 79 147 91 195 61 78 39 131 139 161 86 176 88 136 126 130 14 73 103 116 110 122 94 57 65 22 84 12 70 95 173 136 42 66 0 86 135 91 79 140 95 24 35 165 127 21 80 131 88 23 100 100 172 69 100 90 91 98 84 83 84 32 63 30 49 125 43 111 75 87 189 84 65 44 136 25 82 98 87 99 120 18 103 17 72 138 21 13 124 71 125 106 94 16 161 65 108 71 64 
80 36 88 103 42 102 44 131 94 93 53 94 88 88 24 43 73 51 113 59 31 58 9 110 68 74 101 34 41 88 66 6 59 162 43 211 103 46 68 133 24 37 41 33 66 83 93 25 114 117 94 124 46 92 144 136 229 68 51 72 183 72 34 41 48 25 166 75 141 116 65 140 83 126 114 88 55 75 121 86 0 50 142 13 190 33 64 120 110 42 66 30 58 22 77 14 29 111 17 156 143 22 81 43 136 18 55 84 57 114 178 99 57 101 140 104 118 40 128 77 110 4 54 30 149 82 102 59 71 14 82 88 74 38 122 71 48 8 87 106 121 52 24 43 
129 70 137 73 82 72 39 101 128 141 101 117 137 137 66 43 121 41 100 109 37 46 59 80 39 123 151 82 9 60 116 48 27 132 91 181 73 96 117 182 70 87 51 83 114 59 127 59 80 149 64 173 12 60 113 106 199 49 9 106 153 121 62 75 20 25 136 45 190 86 114 137 131 127 84 39 87 95 92 135 50 0 112 57 160 40 112 169 144 29 114 55 24 57 126 36 63 78 67 126 113 56 131 52 106 52 103 74 105 163 148 122 91 151 110 55 88 90 177 45 159 54 38 67 119 50 151 33 119 64 116 137 122 55 92 105 82 42 136 140 122 86 64 71 
110 178 94 39 102 40 149 11 236 78 106 54 119 84 119 99 95 91 35 187 112 84 143 32 74 104 156 111 109 171 173 148 85 20 112 69 39 179 101 123 120 166 101 172 89 59 235 167 123 86 48 114 123 68 87 8 87 74 103 214 41 98 109 183 96 124 46 67 133 27 110 72 79 63 28 103 197 69 27 91 142 112 0 129 53 109 84 110 252 139 89 112 88 164 111 134 171 101 147 57 16 164 186 99 12 124 94 60 92 139 36 59 199 163 7 119 25 153 134 68 100 142 88 172 9 62 92 84 82 149 224 112 86 165 20 213 190 135 107 248 58 194 119 100 
73 49 81 90 29 89 51 118 107 85 45 81 81 81 11 30 65 38 100 58 20 45 14 97 55 67 95 26 48 94 61 19 46 149 35 198 90 50 61 126 14 37 28 43 58 70 106 38 116 104 81 117 53 79 131 123 216 55 58 85 170 65 21 54 37 32 153 62 134 103 58 127 75 113 101 95 68 62 108 79 13 57 129 0 177 20 56 113 123 48 58 17 52 35 70 21 42 98 18 143 130 35 76 30 123 5 47 71 49 107 165 86 70 95 127 111 105 35 121 64 103 13 41 43 136 69 95 46 63 20 95 81 66 45 109 84 61 15 80 119 108 65 11 30 
158 226 143 87 150 88 197 59 284 131 154 107 167 133 167 147 143 139 88 235 160 132 191 80 122 152 204 159 157 219 221 196 133 60 160 39 87 227 149 176 168 214 149 220 137 107 283 215 83 139 96 167 171 102 49 54 40 122 151 262 44 146 157 231 144 172 25 115 186 76 158 125 128 116 76 138 245 117 80 140 190 160 53 177 0 157 132 163 300 187 137 160 136 212 159 182 219 84 195 110 69 212 234 147 65 172 142 108 140 187 49 112 247 211 60 127 73 201 183 116 153 190 136 220 44 110 145 132 130 197 272 160 134 213 69 261 238 183 155 296 111 242 167 148 
89 69 97 70 42 69 40 98 127 101 61 77 97 97 26 10 81 18 80 78 4 25 34 77 35 83 111 42 31 78 78 39 26 129 51 178 70 70 77 142 30 57 11 63 74 50 126 58 100 109 61 133 36 59 111 103 196 35 41 105 150 81 22 74 21 15 133 42 150 83 74 108 91 94 81 78 88 55 88 95 33 40 109 20 157 0 72 129 143 32 74 15 36 55 86 25 62 78 38 123 110 55 93 12 103 15 63 51 65 123 145 82 90 111 107 94 85 52 137 44 119 33 21 63 116 49 111 26 79 40 115 97 82 56 89 104 81 26 96 139 89 85 24 31 
26 97 27 64 30 63 107 74 154 29 22 33 35 26 46 71 11 72 52 103 76 67 62 52 74 20 72 30 103 150 89 69 96 104 28 153 45 95 17 71 42 82 62 88 5 55 151 86 171 56 54 62 108 116 137 78 171 64 113 130 125 14 50 102 93 87 109 70 81 58 26 79 20 65 71 150 117 18 61 24 64 112 84 56 132 72 0 58 169 104 5 57 108 84 27 77 90 148 66 95 85 83 102 61 78 61 10 39 8 55 120 38 115 79 82 166 60 69 68 112 48 62 75 91 91 96 40 80 8 68 142 29 11 101 64 129 109 71 27 165 60 112 48 41 
40 123 32 122 87 121 164 120 167 32 68 56 48 32 103 128 48 129 75 116 133 125 112 97 132 46 85 87 160 207 102 124 153 105 78 146 103 108 52 27 99 95 119 101 55 113 164 125 229 46 112 4 165 173 195 118 163 122 170 143 121 49 107 137 150 144 156 128 53 91 55 70 38 56 129 207 170 76 83 35 120 169 110 113 163 129 58 0 182 161 55 114 165 122 44 134 134 206 103 86 94 125 115 118 98 118 66 97 64 65 116 51 128 92 103 223 118 83 58 170 10 116 132 109 119 154 18 137 50 106 155 37 47 158 99 142 138 128 33 178 53 126 105 98 
143 75 163 213 152 212 105 241 21 197 149 202 136 172 134 153 159 161 221 68 140 168 109 220 178 149 102 143 145 90 82 104 169 272 143 321 213 75 153 157 133 87 151 81 164 193 18 85 223 225 204 180 132 202 254 246 339 178 153 39 293 155 144 69 157 129 276 185 145 226 144 248 177 234 224 168 57 185 230 165 110 144 252 123 300 143 169 182 0 115 164 140 167 88 142 119 82 220 106 264 253 88 82 153 246 128 161 194 163 120 288 207 54 102 250 180 228 100 132 187 176 110 164 81 259 192 183 169 172 104 28 145 168 89 232 40 62 117 150 4 229 59 134 153 
121 43 129 100 74 99 10 128 99 133 93 109 129 129 58 40 113 48 110 101 28 55 51 107 65 115 143 74 31 46 108 38 56 159 83 208 100 87 109 174 62 79 43 73 106 80 98 38 108 141 91 165 17 89 141 133 226 65 38 78 180 113 54 46 44 17 163 72 182 113 106 138 123 124 111 53 58 87 118 127 42 29 139 48 187 32 104 161 115 0 106 47 53 41 118 28 34 107 59 153 140 39 123 44 133 43 95 81 97 155 175 114 68 143 137 65 115 82 169 74 151 46 51 56 146 79 143 56 111 56 87 129 114 26 119 76 53 34 128 111 119 57 56 63 
21 92 24 67 32 66 109 79 149 33 17 38 30 23 48 73 7 74 57 98 78 70 57 57 77 15 67 32 105 152 84 70 98 109 23 158 50 90 12 68 44 77 64 83 0 58 146 81 174 61 57 59 110 118 140 83 176 67 115 125 130 9 52 97 95 89 114 73 78 63 21 84 17 70 75 152 117 21 66 21 66 114 89 58 137 74 5 55 164 106 0 59 110 79 22 79 85 151 61 100 90 78 97 63 83 63 11 42 9 51 125 43 110 74 87 168 65 64 65 115 45 62 77 86 96 99 37 82 8 63 137 25 8 103 69 124 104 73 23 160 65 107 50 43 
74 66 82 73 27 72 50 101 124 86 46 64 82 82 11 14 66 21 83 75 19 28 31 80 38 68 96 27 46 93 63 36 40 132 36 181 73 67 62 127 15 54 11 60 59 53 123 55 115 95 64 118 51 63 114 106 199 38 56 102 153 66 7 71 36 30 136 45 135 86 59 110 76 96 84 93 85 46 91 80 30 55 112 17 160 15 57 114 140 47 59 0 51 52 71 22 59 93 35 126 113 52 78 13 106 12 48 54 50 108 148 69 87 96 110 109 88 41 122 57 104 30 24 60 119 52 96 29 64 37 112 82 67 53 92 101 78 23 81 136 91 82 9 16 
125 93 133 49 78 48 63 77 151 136 97 112 133 133 62 38 117 36 94 108 32 41 59 71 34 119 147 78 22 84 113 63 12 108 87 157 64 95 113 178 66 87 46 88 110 54 150 82 64 144 55 169 36 36 89 82 175 44 15 129 129 117 58 98 15 38 112 39 186 77 110 131 127 121 60 43 111 90 85 131 58 24 88 52 136 36 108 165 167 53 110 51 0 79 122 49 86 54 67 117 90 79 128 47 83 47 99 69 101 159 124 117 114 147 87 59 64 87 173 21 155 58 33 87 95 26 147 28 115 65 139 133 118 79 71 128 105 50 132 163 116 109 60 67 
82 14 90 125 64 124 42 153 72 112 62 116 89 90 46 65 75 73 135 60 52 80 22 132 90 76 102 55 57 86 67 16 81 184 56 233 125 46 70 135 46 38 63 32 79 105 71 3 135 139 116 126 47 114 166 158 251 90 65 50 205 74 56 19 69 41 188 97 143 138 67 162 92 148 136 90 48 97 143 88 22 57 164 35 212 55 84 122 88 41 79 52 79 0 79 31 12 132 19 178 165 3 82 65 158 40 74 106 76 116 200 121 35 102 162 106 140 42 130 99 112 23 76 15 171 104 104 81 87 16 60 90 83 36 144 49 26 29 89 84 143 30 46 65 
4 80 21 81 45 80 121 101 127 55 25 60 11 30 60 85 17 86 79 76 90 82 69 79 90 7 46 44 117 164 62 81 110 131 35 180 72 68 11 57 56 55 76 61 22 72 124 82 186 83 71 48 122 130 154 105 198 80 127 103 152 13 64 94 107 101 136 86 65 85 12 106 35 92 89 164 127 43 88 23 77 126 111 70 159 86 27 44 142 118 22 71 122 79 0 91 91 163 60 122 112 82 76 75 105 75 25 56 23 38 147 65 88 53 109 180 87 42 52 127 34 73 89 65 118 112 41 94 30 63 115 12 26 115 91 102 95 85 11 138 87 85 62 55 
94 45 102 95 47 94 30 123 103 106 66 86 102 102 31 35 86 43 105 73 22 50 23 102 60 88 115 47 27 74 80 15 51 154 56 203 95 60 82 147 35 51 33 47 79 75 102 34 104 116 86 138 32 84 136 128 221 60 37 81 175 86 28 50 39 11 158 67 155 108 79 132 96 118 106 74 64 68 113 100 14 36 134 21 182 25 77 134 119 28 79 22 49 31 91 0 38 102 31 148 135 31 95 35 128 16 68 76 70 128 170 91 66 115 132 90 110 54 142 69 124 18 46 39 141 74 116 51 84 28 91 102 87 32 114 80 57 6 101 115 113 61 29 37 
94 14 102 132 71 131 30 160 66 118 69 123 101 102 53 72 87 80 142 72 59 87 28 139 97 88 114 62 64 74 79 23 88 191 62 240 132 58 82 147 52 50 70 44 85 112 64 9 142 146 123 138 51 121 173 165 258 97 72 44 212 86 63 13 76 48 195 104 155 145 79 169 99 155 143 87 36 104 150 100 29 63 171 42 219 62 90 134 82 34 85 59 86 12 91 38 0 139 31 185 172 10 94 72 165 47 81 113 83 128 207 128 39 114 169 99 147 54 142 106 124 29 83 27 178 111 116 88 93 28 54 102 90 24 151 42 20 36 101 78 150 23 53 72 
166 146 174 85 119 85 117 90 204 175 138 152 174 174 104 79 158 77 133 156 80 82 112 110 74 160 188 119 76 138 156 116 53 108 128 106 103 148 154 219 107 135 87 141 151 94 203 135 23 183 94 210 90 33 35 93 124 84 69 182 92 158 99 151 63 92 59 79 227 116 151 170 168 160 79 54 165 130 124 172 111 78 101 98 84 78 148 206 220 107 151 93 54 132 163 102 139 0 116 156 117 132 171 88 113 93 140 109 142 200 97 156 167 188 108 43 90 130 214 36 196 111 74 140 92 52 188 69 156 118 192 174 159 133 109 181 158 103 173 216 155 162 102 108 
63 32 71 108 47 107 61 136 90 94 44 99 71 71 29 48 56 56 118 42 36 63 9 115 73 57 84 38 58 105 49 21 64 167 38 216 108 32 51 116 28 20 46 25 61 88 88 22 130 122 99 107 63 97 149 141 234 73 68 67 188 55 39 37 53 42 171 80 124 121 48 145 74 131 119 105 67 80 126 69 17 67 147 18 195 38 66 103 106 59 61 35 67 19 60 31 31 116 0 161 148 22 64 48 141 23 56 89 58 97 183 104 52 84 145 121 123 23 111 82 93 13 59 26 154 87 85 64 69 3 78 71 65 55 127 66 44 25 70 102 126 48 29 48 
121 192 103 72 114 71 163 68 249 68 117 62 130 93 132 113 105 105 44 198 126 98 157 46 88 115 167 124 123 185 184 162 105 52 123 73 53 190 112 113 133 177 115 183 100 73 246 181 179 40 62 89 137 124 144 65 77 88 123 225 68 109 122 197 110 138 103 81 139 40 121 16 88 30 79 159 211 81 35 100 156 126 57 143 110 123 95 86 264 153 100 126 117 178 122 148 185 156 161 0 42 178 197 113 45 138 105 73 103 149 63 57 210 174 50 175 68 164 143 120 91 156 102 186 66 104 83 98 92 163 237 121 96 179 48 224 204 149 116 260 35 207 132 113 
111 179 93 41 103 42 150 27 237 63 107 52 120 83 120 100 95 92 33 188 113 85 144 33 75 105 157 112 110 172 174 149 87 19 113 68 40 180 102 107 121 167 102 173 90 60 236 168 139 70 49 98 124 84 103 24 86 75 105 215 40 99 110 184 97 125 62 68 130 27 111 56 78 47 38 119 198 70 24 90 143 113 16 130 69 110 85 94 253 140 90 113 90 165 112 135 172 117 148 42 0 165 187 100 7 125 95 61 93 139 35 48 200 164 9 135 27 154 133 81 84 143 89 173 25 65 76 85 82 150 225 111 86 166 21 214 191 136 106 249 42 195 120 101 
85 14 93 125 64 124 40 153 72 111 62 116 92 93 46 65 78 73 135 63 52 80 21 132 90 79 105 55 57 84 70 16 81 184 55 233 125 49 73 138 45 41 63 35 78 105 71 3 135 139 116 129 44 114 166 158 251 90 65 50 205 77 56 19 69 41 188 97 146 138 70 162 92 148 136 87 46 97 143 91 22 56 164 35 212 55 83 125 88 39 78 52 79 3 82 31 10 132 22 178 165 0 85 65 158 40 74 106 76 119 200 121 35 105 162 103 140 45 133 99 115 22 76 18 171 104 107 81 86 19 60 93 83 34 144 49 26 29 92 84 143 30 46 65 
76 82 96 149 87 148 124 176 101 130 83 135 67 105 70 92 92 98 154 22 96 104 73 154 115 82 30 78 122 168 15 85 118 206 78 255 147 36 86 88 68 44 88 50 97 129 72 85 192 158 140 112 127 140 191 180 273 114 132 56 227 88 79 96 113 106 211 122 64 160 77 181 110 167 160 169 130 118 163 98 81 131 186 76 234 93 102 115 82 123 97 78 128 82 76 95 94 171 64 197 187 85 0 89 180 81 95 129 97 50 222 140 58 23 184 185 162 41 58 135 109 77 101 67 193 128 116 106 105 67 88 78 101 118 166 60 97 89 83 82 162 78 70 88 
78 79 86 60 31 59 51 88 137 90 50 66 86 86 20 10 70 11 70 88 16 15 44 67 26 72 100 31 43 90 75 49 35 119 40 168 60 80 66 131 21 67 2 73 63 40 136 68 111 98 51 122 48 55 102 93 186 25 53 115 140 70 11 84 32 27 123 33 139 73 63 97 80 83 71 90 98 44 78 84 43 52 99 30 147 12 61 118 153 44 63 13 47 65 75 35 72 88 48 113 100 65 89 0 93 25 52 41 54 112 135 71 100 100 97 106 75 54 126 52 108 43 14 73 106 40 100 19 68 50 125 86 71 66 79 114 91 36 85 149 78 95 20 20 
104 172 86 34 96 35 143 23 230 66 100 45 113 76 113 93 88 85 26 181 106 78 137 26 68 98 150 105 103 165 167 142 80 26 106 75 33 173 95 111 114 160 95 166 83 53 229 161 135 74 42 102 117 80 99 20 93 68 98 208 47 92 103 177 90 118 58 61 123 20 104 60 71 51 34 115 191 63 17 83 136 106 12 123 65 103 78 98 246 133 83 106 83 158 105 128 165 113 141 45 7 158 180 93 0 118 88 54 86 132 42 47 193 157 5 131 23 147 126 77 88 136 82 166 21 61 80 78 75 143 218 104 79 159 14 207 184 129 99 242 46 188 113 94 
78 54 86 85 31 84 46 113 112 90 50 76 86 86 15 25 70 33 95 63 15 40 19 92 50 72 100 31 43 89 66 24 41 144 40 193 85 55 66 131 19 42 23 48 63 65 111 43 111 100 76 122 48 74 126 118 211 50 53 90 165 70 16 59 32 27 148 57 139 98 63 122 80 108 96 90 73 57 103 84 18 52 124 5 172 15 61 118 128 43 63 12 47 40 75 16 47 93 23 138 125 40 81 25 118 0 52 66 54 112 160 81 75 100 122 106 100 40 126 59 108 18 36 48 131 64 100 41 68 25 100 86 71 41 104 89 66 11 85 124 103 70 13 25 
28 88 35 56 21 55 98 84 146 38 12 43 35 34 37 62 18 63 62 95 67 59 53 62 66 22 65 21 94 141 81 59 87 114 19 163 55 87 15 79 33 74 53 80 11 47 143 77 163 66 46 70 99 107 129 88 181 56 104 122 135 19 41 93 84 78 119 62 89 68 18 89 28 75 67 141 107 25 71 32 55 103 94 47 142 63 10 66 161 95 11 48 99 74 25 68 81 140 56 105 95 74 95 52 88 52 0 34 2 62 130 48 107 72 92 157 70 61 76 104 56 52 66 82 101 88 48 71 16 58 134 36 19 92 74 121 100 62 34 157 70 104 39 32 
59 120 66 25 42 24 91 50 178 67 46 43 66 65 60 41 49 33 29 129 54 28 85 28 35 53 99 52 65 113 115 90 57 80 52 129 21 120 46 110 61 107 43 113 42 16 176 109 132 75 15 101 70 77 98 54 147 25 75 155 101 50 50 125 54 66 85 31 120 34 52 63 59 53 33 112 139 21 38 63 84 74 60 71 108 51 39 97 194 81 42 54 69 106 56 76 113 109 89 73 61 106 129 41 54 66 34 0 33 93 96 48 140 106 58 128 36 94 107 73 87 84 36 114 67 57 79 41 47 91 166 67 50 107 40 154 132 77 65 190 48 136 60 41 
26 90 33 58 23 57 100 82 148 36 14 41 33 32 39 64 16 65 60 97 69 61 55 60 68 20 67 23 96 143 83 61 89 112 21 161 53 89 13 77 35 76 55 82 9 49 145 79 165 64 48 68 101 109 131 86 179 58 106 124 133 17 43 95 86 80 117 64 87 66 20 87 26 73 66 143 109 23 69 30 57 105 92 49 140 65 8 64 163 97 9 50 101 76 23 70 83 142 58 103 93 76 97 54 86 54 2 33 0 60 128 46 109 74 90 159 68 63 74 106 54 54 68 84 99 90 46 73 14 60 136 34 17 94 72 123 102 64 32 159 68 106 41 34 
34 116 46 118 82 117 158 129 135 82 62 87 27 56 97 122 44 123 106 56 127 119 106 107 127 40 20 81 154 201 49 118 147 158 72 207 100 70 47 38 93 78 113 84 51 109 106 119 223 110 108 62 159 167 191 133 225 117 164 90 179 44 101 130 144 138 164 123 28 113 49 133 61 119 126 201 164 72 115 49 114 163 139 107 187 123 55 65 120 155 51 108 159 116 38 128 128 200 97 149 139 119 50 112 132 112 62 93 60 0 174 92 92 27 136 217 115 75 15 164 60 110 126 101 146 149 67 131 57 100 122 28 53 152 119 94 131 122 33 117 114 112 99 92 
146 214 128 75 138 76 185 47 272 94 142 87 155 118 155 135 130 127 68 223 148 120 179 68 110 140 192 147 145 207 209 184 121 16 148 33 75 215 137 139 156 202 137 208 125 95 271 203 120 91 84 120 159 90 84 42 51 110 139 250 5 134 145 219 132 160 43 103 165 62 146 77 113 68 64 126 233 105 59 125 178 148 36 165 49 145 120 116 288 175 125 148 124 200 147 170 207 97 183 63 35 200 222 135 42 160 130 96 128 174 0 83 235 199 38 117 61 189 168 104 117 178 124 208 29 98 109 120 117 185 260 146 121 201 56 249 226 171 141 284 63 230 155 136 
64 135 46 72 57 71 117 69 192 19 60 5 73 36 75 80 48 81 24 141 86 76 100 46 83 58 110 67 113 160 127 105 105 67 66 116 53 133 55 64 76 120 71 126 43 64 189 124 179 27 62 55 118 124 145 67 134 73 123 168 88 52 65 140 102 97 105 79 82 40 64 41 31 27 79 159 154 27 32 43 99 122 59 86 112 82 38 51 207 114 43 69 117 121 65 91 128 156 104 57 48 121 140 71 47 81 48 48 46 92 83 0 153 117 52 175 68 107 86 120 41 99 84 129 68 104 33 89 35 106 180 64 39 122 48 167 147 92 59 203 22 150 75 56 
89 25 109 160 98 159 69 188 44 143 95 148 82 118 81 100 105 108 167 36 87 115 56 167 125 95 78 89 92 113 43 51 116 219 89 268 160 22 99 113 79 33 98 27 110 140 36 32 170 171 151 126 79 149 201 193 286 125 100 15 240 101 90 39 104 76 223 132 120 173 90 194 123 180 171 117 75 131 176 111 57 91 199 70 247 90 115 128 54 68 110 87 114 35 88 66 39 167 52 210 200 35 58 100 193 75 107 140 109 92 235 153 0 78 197 133 175 46 107 134 122 57 111 27 206 139 129 116 118 50 31 91 114 63 179 14 40 64 96 50 175 21 80 99 
53 102 73 127 70 126 144 153 121 107 60 112 44 82 85 110 69 111 131 42 115 107 93 131 115 59 7 69 142 188 35 105 135 183 60 232 124 56 63 65 81 64 101 70 74 107 92 105 211 135 118 89 147 155 179 157 250 105 152 76 204 65 89 116 132 126 188 111 43 137 54 158 87 144 138 189 150 95 140 75 101 151 163 95 211 111 79 92 102 143 74 96 147 102 53 115 114 188 84 174 164 105 23 100 157 100 72 106 74 27 199 117 78 0 161 205 139 61 35 152 86 97 114 87 170 137 93 119 82 87 108 55 78 138 143 80 117 109 60 102 139 98 87 80 
108 176 90 38 100 39 147 18 234 71 104 49 117 80 117 97 92 89 30 185 110 82 141 30 72 102 154 109 107 169 171 146 84 22 110 71 37 177 99 116 118 164 99 170 87 57 233 165 130 79 46 107 121 75 94 15 89 72 102 212 43 96 107 181 94 122 53 65 128 25 108 65 75 56 29 110 195 67 21 87 140 110 7 127 60 107 82 103 250 137 87 110 87 162 109 132 169 108 145 50 9 162 184 97 5 122 92 58 90 136 38 52 197 161 0 126 23 151 130 72 93 140 86 170 16 61 85 82 79 147 222 108 83 163 18 211 188 133 103 246 51 192 117 98 
183 108 191 104 136 104 75 109 164 194 155 171 191 191 120 97 175 95 152 163 91 100 113 129 93 177 205 136 63 96 170 102 71 127 145 149 122 150 171 236 124 141 105 137 168 113 163 103 44 202 113 227 59 52 78 111 167 103 53 143 122 175 116 111 74 79 102 98 244 135 168 189 185 179 98 16 123 149 143 189 104 55 119 111 127 94 166 223 180 65 168 109 59 106 180 90 99 43 121 175 135 103 185 106 131 106 157 128 159 217 117 175 133 205 126 0 109 144 231 55 213 108 92 121 111 71 205 87 173 118 152 191 176 91 128 141 118 96 190 176 174 122 118 125 
86 154 87 15 78 16 125 14 212 87 82 64 95 86 95 75 71 67 45 163 88 60 119 22 50 80 132 87 85 147 149 124 61 45 88 94 15 155 77 131 96 142 77 148 65 35 211 143 113 95 24 122 99 58 78 19 112 50 79 190 66 74 85 159 72 100 49 43 141 28 86 82 80 72 11 93 173 45 36 84 118 88 25 105 73 85 60 118 228 115 65 88 64 140 87 110 147 90 123 68 27 140 162 75 23 100 70 36 68 115 61 68 175 139 23 109 0 129 128 54 108 118 64 148 32 38 100 60 68 125 200 89 71 141 20 189 166 111 87 224 67 170 95 76 
43 42 63 114 52 113 84 142 85 97 49 102 48 72 35 55 59 62 121 35 55 69 32 121 79 49 61 43 81 128 26 44 78 173 43 222 114 26 53 95 33 13 52 19 64 94 82 45 151 125 105 87 86 104 155 147 240 79 91 61 194 55 44 56 72 65 177 86 103 127 44 148 77 134 125 128 90 85 130 65 40 90 153 35 201 52 69 83 100 82 64 41 87 42 42 54 54 130 23 164 154 45 41 54 147 40 61 94 63 75 189 107 46 61 151 144 129 0 90 94 76 36 65 27 160 93 83 70 72 26 73 51 68 78 133 60 57 48 50 96 129 43 34 53 
48 131 41 132 96 131 172 130 150 76 76 81 42 50 111 136 58 137 100 71 141 133 120 107 141 54 30 95 168 215 64 132 161 152 86 201 113 85 61 31 107 93 127 99 65 123 121 133 237 104 122 55 173 181 205 130 219 131 178 105 173 58 115 145 158 152 166 137 13 107 63 127 55 113 139 215 178 86 109 44 128 177 134 121 183 137 68 58 132 169 65 122 173 130 52 142 142 214 111 143 133 133 58 126 126 126 76 107 74 15 168 86 107 35 130 231 128 90 0 178 53 124 140 116 142 163 61 145 61 114 137 40 57 166 114 109 146 136 42 132 108 127 113 106 
130 113 138 49 83 49 84 57 171 139 102 116 138 138 68 43 122 41 97 122 47 46 78 74 38 124 152 83 43 105 120 83 18 88 92 137 67 114 118 183 71 101 51 107 115 58 170 102 59 147 58 174 57 15 68 62 155 48 36 149 109 122 63 118 30 59 92 43 191 80 115 134 132 124 43 39 132 94 88 136 77 45 68 64 116 44 112 170 187 74 115 57 21 99 127 69 106 36 82 120 81 99 135 52 77 59 104 73 106 164 104 120 134 152 72 55 54 94 178 0 160 77 38 107 75 16 152 33 120 84 159 138 123 100 73 148 125 70 137 183 119 129 66 72 
33 113 22 112 77 111 154 110 161 23 58 46 42 22 93 118 38 119 65 110 123 115 102 87 122 36 79 77 150 197 96 114 143 101 68 150 93 102 42 23 89 89 109 95 45 103 158 115 219 51 102 14 155 163 185 108 168 112 160 137 122 39 97 127 140 134 146 118 48 81 45 75 28 61 119 197 160 66 73 25 110 159 100 103 153 119 48 10 176 151 45 104 155 112 34 124 124 196 93 91 84 115 109 108 88 108 56 87 54 60 117 41 122 86 93 213 108 76 53 160 0 106 122 99 109 144 8 127 40 96 149 32 37 148 89 136 128 118 27 172 56 119 95 88 
76 36 84 103 42 102 48 131 94 90 49 94 84 84 24 43 69 51 113 55 31 58 5 110 68 70 97 33 45 92 62 8 59 162 39 211 103 42 64 129 23 33 41 30 62 83 93 25 117 117 94 120 50 92 144 136 229 68 55 72 183 68 34 41 48 29 166 75 137 116 61 140 79 126 114 92 55 75 121 82 4 54 142 13 190 33 62 116 110 46 62 30 58 23 73 18 29 111 13 156 143 22 77 43 136 18 52 84 54 110 178 99 57 97 140 108 118 36 124 77 106 0 54 31 149 82 98 59 67 10 82 84 70 42 122 71 48 12 83 106 121 52 24 43 
92 90 100 49 45 48 61 77 148 103 64 79 100 100 31 11 84 3 62 99 24 8 55 56 14 86 114 45 29 83 86 60 21 108 54 157 49 91 80 145 33 78 13 84 77 29 147 79 97 111 40 136 35 41 90 82 175 14 39 126 129 84 25 95 18 36 112 21 153 62 77 99 94 89 60 76 109 57 67 98 54 38 88 41 136 21 75 132 164 51 77 24 33 76 89 46 83 74 59 102 89 76 101 14 82 36 66 36 68 126 124 84 111 114 86 92 64 65 140 38 122 54 0 84 95 28 114 5 82 61 136 100 85 77 68 125 102 47 99 160 84 106 31 34 
69 15 85 133 72 132 57 161 65 119 70 124 74 94 54 73 81 81 143 45 60 88 30 140 98 71 87 63 65 101 52 24 89 192 64 241 133 31 74 121 54 23 71 17 86 113 63 18 143 147 124 113 62 122 174 166 259 98 73 42 213 77 64 29 77 49 196 105 129 146 65 170 99 156 144 105 63 105 151 87 30 67 172 43 220 63 91 109 81 56 86 60 87 15 65 39 27 140 26 186 173 18 67 73 166 48 82 114 84 101 208 129 27 87 170 121 148 27 116 107 99 31 84 0 179 112 105 89 94 24 53 77 90 51 152 41 30 37 76 77 151 22 54 73 
117 185 102 46 109 47 156 18 243 87 113 63 126 92 126 106 102 98 44 194 119 91 150 39 81 111 163 118 116 178 180 155 92 16 119 62 46 186 108 132 127 173 108 179 96 66 242 174 115 95 55 123 130 61 79 13 80 81 110 221 34 105 116 190 103 131 38 74 142 35 117 81 87 72 35 97 204 76 36 99 149 119 9 136 44 116 91 119 259 146 96 119 95 171 118 141 178 92 154 66 25 171 193 106 21 131 101 67 99 146 29 68 206 170 16 111 32 160 142 75 109 149 95 179 0 69 101 91 89 156 231 119 93 172 28 220 197 142 114 255 67 201 126 107 
115 118 123 33 67 33 89 51 176 123 87 100 123 122 59 39 106 31 81 127 52 30 83 58 22 109 137 68 48 110 114 88 23 82 77 131 51 119 103 167 60 106 41 112 99 42 175 107 75 131 42 158 62 20 63 56 149 32 41 154 103 107 49 123 35 64 86 27 176 64 100 118 116 108 34 55 137 78 72 120 82 50 62 69 110 49 96 154 192 79 99 52 26 104 112 74 111 52 87 104 65 104 128 40 61 64 88 57 90 149 98 104 139 137 61 71 38 93 163 16 144 82 28 112 69 0 136 23 104 89 164 123 107 105 57 153 130 75 122 188 103 134 59 57 
40 111 21 104 69 103 146 102 168 15 50 38 49 14 85 110 30 111 57 117 115 107 94 79 114 34 86 69 142 189 103 106 135 93 60 142 85 109 34 31 81 96 101 102 37 95 165 107 211 43 94 22 147 155 177 100 160 104 152 144 114 31 89 120 132 126 138 110 56 73 40 67 20 53 111 189 152 58 65 18 102 151 92 95 145 111 40 18 183 143 37 96 147 104 41 116 116 188 85 83 76 107 116 100 80 100 48 79 46 67 109 33 129 93 85 205 100 83 61 152 8 98 114 105 101 136 0 119 32 88 156 39 29 140 81 143 124 110 34 179 48 126 87 80 
97 95 105 45 50 44 66 73 153 108 69 84 105 105 36 16 89 8 67 104 29 13 60 52 10 91 119 50 26 88 91 65 16 104 59 153 45 96 85 150 38 83 18 89 82 26 152 84 92 116 36 141 40 36 86 78 171 17 34 131 125 89 30 100 13 41 108 17 158 58 82 104 99 94 56 71 114 62 63 103 59 33 84 46 132 26 80 137 169 56 82 29 28 81 94 51 88 69 64 98 85 81 106 19 78 41 71 41 73 131 120 89 116 119 82 87 60 70 145 33 127 59 5 89 91 23 119 0 87 66 141 105 90 82 64 130 107 52 104 165 89 111 36 39 
29 100 20 72 37 71 114 72 157 25 25 30 38 18 53 78 13 79 49 106 83 75 65 50 82 23 75 37 110 157 92 75 103 101 31 150 53 98 20 63 49 85 69 91 8 63 154 89 179 53 62 54 115 123 145 76 168 72 120 133 122 17 57 105 100 94 107 78 74 56 29 76 12 62 79 157 122 26 58 17 71 119 82 63 130 79 8 50 172 111 8 64 115 87 30 84 93 156 69 92 82 86 105 68 75 68 16 47 14 57 117 35 118 82 79 173 68 72 61 120 40 67 82 94 89 104 32 87 0 71 145 30 4 108 62 132 112 78 25 168 57 115 55 48 
66 30 74 110 49 109 58 138 88 96 46 101 74 74 31 50 59 58 120 45 38 65 6 117 75 60 87 40 55 102 52 18 66 169 40 218 110 32 54 119 30 23 48 23 63 90 86 19 127 124 101 110 60 99 151 143 236 75 65 65 190 58 41 35 55 39 173 82 127 123 51 147 76 133 121 102 64 82 128 72 14 64 149 20 197 40 68 106 104 56 63 37 65 16 63 28 28 118 3 163 150 19 67 50 143 25 58 91 60 100 185 106 50 87 147 118 125 26 114 84 96 10 61 24 156 89 88 66 71 0 76 74 67 52 129 64 42 22 73 100 128 46 31 50 
116 47 136 185 124 184 77 213 13 170 122 175 109 145 106 125 132 133 194 66 112 140 81 192 150 122 108 115 117 82 74 76 141 244 115 293 185 53 126 144 105 60 123 54 137 165 17 57 195 198 176 153 104 174 226 218 311 150 125 32 265 128 116 41 129 101 248 157 150 198 117 221 150 207 196 140 45 157 203 138 82 116 224 95 272 115 142 155 28 87 137 112 139 60 115 91 54 192 78 237 225 60 88 125 218 100 134 166 136 122 260 180 31 108 222 152 200 73 137 159 149 82 136 53 231 164 156 141 145 76 0 118 141 61 204 28 34 89 123 24 202 31 106 125 
8 91 18 92 56 91 132 102 130 54 36 59 11 28 71 96 18 97 78 79 101 93 80 80 101 14 48 55 128 175 65 92 121 130 46 179 74 71 21 45 67 58 87 64 25 83 127 93 197 82 82 37 133 141 165 106 197 91 138 106 151 18 75 105 118 112 137 97 53 86 23 105 33 91 100 175 138 46 87 21 88 137 112 81 160 97 29 37 145 129 25 82 133 90 12 102 102 174 71 121 111 93 78 86 104 86 36 67 34 28 146 64 91 55 108 191 89 51 40 138 32 84 100 77 119 123 39 105 30 74 118 0 26 126 92 105 106 96 5 141 86 89 73 66 
25 96 16 75 40 74 117 76 153 29 21 34 34 15 56 81 9 82 53 102 86 78 65 54 85 19 71 40 113 160 88 78 106 105 31 154 56 94 16 60 52 81 72 87 8 66 150 86 182 57 65 51 118 126 148 80 172 75 123 129 126 13 60 102 103 97 111 81 70 60 25 80 9 66 82 160 125 29 62 13 74 122 86 66 134 82 11 47 168 114 8 67 118 83 26 87 90 159 65 96 86 83 101 71 79 71 19 50 17 53 121 39 114 78 83 176 71 68 57 123 37 70 85 90 93 107 29 90 4 67 141 26 0 111 66 128 109 81 21 164 61 111 58 51 
118 38 126 126 71 125 16 154 73 130 90 117 125 126 55 66 110 74 136 96 53 81 47 133 91 112 138 71 57 50 103 34 82 185 80 234 126 82 106 171 59 74 64 68 103 106 72 33 134 141 117 162 43 115 167 159 252 91 64 65 206 110 57 24 70 41 189 98 179 139 103 163 120 149 137 79 32 98 144 124 38 55 165 45 213 56 101 158 89 26 103 53 79 36 115 32 24 133 55 179 166 34 118 66 159 41 92 107 94 152 201 122 63 138 163 91 141 78 166 100 148 42 77 51 172 105 140 82 108 52 61 126 111 0 145 61 27 30 125 85 144 42 53 66 
90 158 74 24 82 24 129 21 216 67 86 44 99 67 99 79 75 71 25 167 92 64 123 12 54 84 136 91 89 151 153 128 66 40 92 89 19 159 81 112 100 146 81 152 69 39 215 147 132 75 28 103 103 77 98 19 107 54 84 194 61 78 89 163 76 104 57 47 123 8 90 62 61 52 31 112 177 49 16 71 122 92 20 109 69 89 64 99 232 119 69 92 71 144 91 114 151 109 127 48 21 144 166 79 14 104 74 40 72 119 56 48 179 143 18 128 20 133 114 73 89 122 68 152 28 57 81 64 62 129 204 92 66 145 0 193 170 115 87 228 47 174 99 80 
103 35 123 174 112 173 67 202 41 157 109 162 96 132 95 114 119 122 181 38 101 129 70 181 139 109 80 103 106 110 46 65 130 233 103 282 174 35 113 118 93 47 112 41 124 154 22 46 184 185 165 140 93 163 215 207 300 139 114 4 254 115 104 37 118 90 237 146 122 187 104 208 137 194 185 129 73 145 190 125 71 105 213 84 261 104 129 142 40 76 124 101 128 49 102 80 42 181 66 224 214 49 60 114 207 89 121 154 123 94 249 167 14 80 211 141 189 60 109 148 136 71 125 41 220 153 143 130 132 64 28 105 128 61 193 0 38 78 110 36 189 19 94 113 
98 15 106 151 90 150 43 179 46 137 88 142 104 113 72 91 100 99 161 75 78 106 47 158 116 92 117 81 83 73 82 42 107 210 81 259 151 61 93 151 71 53 89 47 104 131 45 23 161 165 142 142 70 140 192 184 277 116 91 42 231 96 82 7 95 67 214 123 159 164 84 188 118 174 162 106 35 123 169 106 48 82 190 61 238 81 109 138 62 53 104 78 105 26 95 57 20 158 44 204 191 26 97 91 184 66 100 132 102 131 226 147 40 117 188 118 166 57 146 125 128 48 102 30 197 130 124 107 112 42 34 106 109 27 170 38 0 55 105 58 169 19 72 91 
88 43 96 96 41 95 36 124 101 100 60 87 96 96 25 36 80 44 106 67 23 51 17 103 61 82 109 41 33 80 74 13 52 155 50 204 96 54 76 141 29 45 34 41 73 76 100 32 106 111 87 132 38 85 137 129 222 61 43 79 176 80 27 48 40 17 159 68 149 109 73 133 90 119 107 80 62 68 114 94 8 42 135 15 183 26 71 128 117 34 73 23 50 29 85 6 36 103 25 149 136 29 89 36 129 11 62 77 64 122 171 92 64 109 133 96 111 48 136 70 118 12 47 37 142 75 110 52 78 22 89 96 81 30 115 78 55 0 95 113 114 59 23 36 
7 90 13 90 55 89 131 97 135 49 35 54 16 23 70 95 16 96 73 84 100 92 79 75 100 13 53 54 127 174 70 91 120 125 45 174 72 76 20 46 66 63 86 69 23 81 132 92 196 77 80 37 132 140 163 101 192 90 137 111 146 17 74 104 117 111 132 96 55 81 22 100 28 86 98 174 137 44 82 16 87 136 107 80 155 96 27 33 150 128 23 81 132 89 11 101 101 173 70 116 106 92 83 85 99 85 34 65 32 33 141 59 96 60 103 190 87 50 42 137 27 83 99 76 114 122 34 104 25 73 123 5 21 125 87 110 105 95 0 146 81 93 72 65 
139 71 159 209 148 208 101 237 21 193 145 198 132 168 130 149 155 157 217 64 136 164 105 216 174 145 102 139 141 90 78 100 165 268 139 317 209 71 149 153 129 83 147 77 160 189 14 81 219 221 200 176 128 198 250 242 335 174 149 35 289 151 140 65 153 125 272 181 145 222 140 244 173 230 220 164 53 181 226 161 106 140 248 119 296 139 165 178 4 111 160 136 163 84 138 115 78 216 102 260 249 84 82 149 242 124 157 190 159 117 284 203 50 102 246 176 224 96 132 183 172 106 160 77 255 188 179 165 168 100 24 141 164 85 228 36 58 113 146 0 225 55 130 149 
86 157 68 71 79 70 129 68 214 33 82 27 95 58 97 81 70 81 23 163 92 76 122 45 83 80 132 89 113 161 149 127 104 52 88 95 52 155 77 78 98 142 80 148 65 64 211 146 178 28 61 57 118 123 144 66 112 73 122 190 68 74 87 162 102 104 104 79 104 39 86 19 53 5 78 158 176 46 31 65 121 122 58 108 111 89 60 53 229 119 65 91 116 143 87 113 150 155 126 35 42 143 162 78 46 103 70 48 68 114 63 22 175 139 51 174 67 129 108 119 56 121 84 151 67 103 48 89 57 128 202 86 61 144 47 189 169 114 81 225 0 172 97 78 
86 16 106 155 94 154 49 183 43 140 92 145 85 115 76 95 102 103 164 56 82 110 51 162 120 92 98 85 87 92 63 46 111 214 85 263 155 42 96 132 75 34 93 28 107 135 41 27 165 168 146 126 74 144 196 188 281 120 95 23 235 98 86 18 99 71 218 127 140 168 87 191 120 177 166 110 54 127 173 108 52 86 194 65 242 85 112 126 59 57 107 82 109 30 85 61 23 162 48 207 195 30 78 95 188 70 104 136 106 112 230 150 21 98 192 122 170 43 127 129 119 52 106 22 201 134 126 111 115 46 31 89 111 42 174 19 19 59 93 55 172 0 76 95 
65 60 73 80 18 79 59 108 118 77 37 70 73 73 2 23 57 28 89 69 28 35 25 87 45 59 87 18 55 102 55 30 49 139 27 188 80 60 53 118 6 47 18 53 50 60 116 49 124 93 71 109 60 70 121 113 206 45 65 95 160 57 10 65 45 39 143 52 126 93 50 116 67 102 91 102 79 51 98 71 24 64 119 11 167 24 48 105 134 56 50 9 60 46 62 29 53 102 29 132 120 46 70 20 113 13 39 60 41 99 155 75 80 87 117 118 95 34 113 66 95 24 31 54 126 59 87 36 55 31 106 73 58 53 99 94 72 23 72 130 97 76 0 19 
58 79 66 61 11 60 66 89 137 70 30 51 66 66 19 30 50 31 70 88 35 27 44 68 35 52 80 11 62 109 74 49 55 120 20 169 61 79 46 111 20 66 21 72 43 41 135 68 131 79 52 102 67 75 103 94 187 26 72 114 141 50 9 84 52 46 124 34 119 74 43 97 60 83 72 109 98 32 79 64 43 71 100 30 148 31 41 98 153 63 43 16 67 65 55 37 72 108 48 113 101 65 88 20 94 25 32 41 34 92 136 56 99 80 98 125 76 53 106 72 88 43 34 73 107 57 80 39 48 50 125 66 51 66 80 113 91 36 65 149 78 95 19 0 
